$ANSIBLE_VAULT;1.1;AES256
66623935643864633462393138636438306638353265346537353565643061613165303463356661
6638643263396533666662303664393237313436363063340a313534383333383364316633626661
35316332386466626564616338373536303139646132376566383137393430313264643231343133
3139613138353236620a396232343762303734623236363937363331393066303366373064663866
37326235393036333064353732316331393835353839373132373364316463613439653530623764
35393736636431613931376663316461393538373264333165396534663164373965353734393462
30613538353331616630306633626662336362356532626561343163353239353961666463383731
65656438666332656131306137343866363838373931646264663238306633643131313630346236
62643964393439323635626364313661353231343665373439383564313735366635646563383137
62346430373538666534343062356435643430353766383730373237613937343139643766333337
64353739633330393461343133363839643639383162613561376166353461626134346334396630
62336139303538353835303562623935643662626164353262343334653536646432613461613763
31363836613266386333343561306266353366333639346633323933386163353736633963383433
64646265343566363730303463326539636636663934376632366264613532363662323263306261
64353566313937383835626431653731643762633234313137323736616132393337353831343265
39333365653339663964653064333264396334303434386432643562393266393466643661323232
35363538353762636166663761666430636564613736333634396130356563663333666435373238
61303533653761333764663234316537626237633232323030643237316630383766623864373063
64666264643030346433623533346231306637666334656435656431356562363230333533643935
61663161633337313232326462343233656462313932663935306664396534633765343762373538
36313932343961653037616363336161623938393534373432376537366331346634376464323834
34643936333235303731376530333134323539303034303961316631313536663664653638633766
39623334616532333065333937656335386432636265643837386564323430393436636335373464
31396137643966303463396435376237363734303336623938626333323038663630643934383339
30636539306666396334396139303361613563353931393266626232303932383964643836306239
31616262646463323737616334323764663732323431333762636262646438643363393664303838
36643862366666343630333964373766313731353538326662303535303131653464353865333361
38623766343131393065626234303539326461633562333431623939396534663732636366396565
37663835623033343933636462353830306162616339356133383030303836343161353463316532
30313263376564346531313335373739623662373262626635363034373938306363396631333236
366465306635353232336166626530323763
